10 GW/g, A1:
[603.3130705777887, 478.69306394229733, 387.3625858385933, 325.43785029001464, 276.0828912081822, 236.5004443785794, 204.514616216911, 178.43732102295724, 155.56582763947188, 136.7123465930782, 121.00447760986526, 107.76931348743334, 97.2122609122517, 87.37881512474847, 79.85345524666616, ]
[608.5190318771178, 480.9012841245017, 389.23591376580845, 327.02707473527244, 277.4310984902623, 237.64418645241454, 205.48490169184626, 179.26045576883453, 156.2641281126665, 137.3047448209731, 121.50703427737278, 108.1956536287023, 97.57394356963502, 87.68564670341516, 80.11375263790845, ]
[598.1071092784598, 476.484843760093, 385.4892579113782, 323.84862584475684, 274.7346839261021, 235.35670230474426, 203.54433074197573, 177.6141862770799, 154.86752716627723, 136.1199483651833, 120.50192094235774, 107.34297334616437, 96.85057825486837, 87.07198354608178, 79.59315785542385, ]
10 GW/g, A3:
[825.310466168148, 619.728392528117, 484.32171620967637, 390.20103017123387, 327.5172464815115, 277.8469290516214, 235.709466455304, 204.24480887914714, 178.7190025514724, 154.6969535597059, 136.46514576281464, 120.48261124533738, 107.3850998640135, 96.28715367290383, 87.10160560982105, ]
[832.0814727274127, 625.4725279892426, 486.7582145025143, 392.2680162051015, 329.27075940140065, 279.3345092785485, 236.97144456244126, 205.31539902469888, 179.6272301194923, 155.4674419836336, 137.11878403416395, 120.75986603981654, 107.62030694573073, 96.4866895658479, 87.27088102560347, ]
[818.5394596088834, 613.9842570669912, 481.8852179168384, 388.13404413736623, 325.7637335616224, 276.35934882469417, 234.44748834816676, 203.1742187335954, 177.81077498345252, 153.9264651357782, 135.81150749146536, 120.2053564508582, 107.14989278229626, 96.08761777995974, 86.93233019403863, ]
10 GW/g, A5:
[1001.1100640025002, 729.7502385977301, 554.2911690363478, 441.55324570260075, 362.42513424571973, 304.02120274655704, 260.8321780231427, 223.75054571281245, 193.49219735008535, 168.60154180302416, 147.56595988041605, 129.67404150324535, 114.90264683394659, 103.0132471542876, 92.47883729737458, ]
[1008.9380314881844, 736.3910395556468, 557.1080072753806, 443.9428904478343, 364.4523724111712, 305.74099584820317, 262.2911522942479, 224.98825616850718, 194.0171987899861, 169.04692304054316, 147.94379590855937, 129.99457607438768, 115.17457000552312, 103.24393121111483, 92.67453669442993, ]
[993.282096516816, 723.1094376398135, 551.4743307973149, 439.1636009573672, 360.3978960802682, 302.3014096449109, 259.3732037520375, 222.51283525711773, 192.9671959101846, 168.15616056550516, 147.18812385227272, 129.35350693210302, 114.63072366237007, 102.78256309746038, 92.28313790031925, ]
10 GW/g, A7:
[1148.3018964395665, 814.0853890839202, 613.4685120635463, 478.5411335831992, 392.64040070988426, 325.55669155440614, 276.1837088336242, 237.68865865075384, 205.09272052092095, 178.86868183409155, 155.88162599282515, 137.15769687358988, 121.12362084750971, 107.809218345448, 96.60525520487472, ]
[1156.878425126667, 821.3612267222074, 616.554714751401, 481.159291760858, 394.86149662841916, 327.4409425023095, 277.78219975291853, 238.3666928592663, 205.66792603188645, 179.35665338198692, 156.29559313178515, 137.50888301067732, 121.42154721745439, 108.06196201961029, 96.81966884158098, ]
[1139.7253677524661, 806.8095514456329, 610.3823093756916, 475.92297540554034, 390.4193047913494, 323.67244060650285, 274.58521791433, 237.0106244422414, 204.51751500995545, 178.38071028619618, 155.46765885386517, 136.80651073650247, 120.82569447756504, 107.55647467128571, 96.39084156816847, ]

==========================================
100 GW/g, A1:
[2118.9740892661866, 1373.5187395556018, 945.3490476699562, 688.936747666429, 536.5048166530908, 428.69944262466834, 353.3314989789219, 299.74625111425564, 254.28758783389247, 219.93686047797695, 190.15655817836029, 165.8667867824152, 145.85730343468572, 128.1023338753018, 114.22886580562917, ]
[2156.0047044184116, 1389.2260694869874, 952.0116486323913, 694.588917884294, 541.2997951534659, 430.73333560496457, 355.05693766085915, 301.2100146845369, 255.52936118739493, 220.99031004918598, 191.05024435256666, 166.6249386773069, 146.50047625727865, 128.64796615399453, 114.6917472969622, ]
[2081.943474113962, 1357.8114096242164, 938.6864467075211, 683.2845774485642, 531.7098381527155, 426.66554964437205, 351.6060602969847, 298.2824875439744, 253.04581448039, 218.8834109067679, 189.26287200415388, 165.10863488752352, 145.2141306120928, 127.5567015966091, 113.76598431429613, ]
100 GW/g, A3:
[3719.2512786476855, 2195.020766881655, 1411.5217286074676, 969.5623605943433, 710.2648485984325, 541.7054722649052, 432.62218905177986, 355.58910458742156, 298.4313338139028, 255.91239551175687, 219.42612930689586, 190.09295871982022, 166.28314131287567, 145.32283121878694, 127.79928305122645, ]
[3767.414244846001, 2215.4501225196436, 1428.8528275944623, 976.913718004073, 716.5013204397846, 544.3508055532308, 434.8663387356219, 357.4929129998468, 300.04641619774236, 257.28253921170085, 220.58848078644974, 191.07903170453397, 167.11966913390188, 146.03249235875933, 128.10030203773812, ]
[3671.0883124493703, 2174.5914112436667, 1394.1906296204727, 962.2110031846137, 704.0283767570804, 539.0601389765795, 430.37803936793773, 353.6852961749963, 296.8162514300633, 254.5422518118129, 218.26377782734195, 189.10688573510646, 165.44661349184946, 144.61317007881456, 127.49826406471479, ]
100 GW/g, A5:
[5135.048943939764, 2986.4153679464152, 1832.2267727418612, 1214.4001060922037, 849.9779195752033, 635.4410975871849, 494.96605852715686, 397.89098842606717, 333.81359879186556, 280.0203431816924, 240.24087311377502, 207.79667689903175, 180.1512421674306, 157.75265244995472, 138.00458839637923, ]
[5246.411451157735, 3033.6521663849353, 1852.2632745093908, 1231.3979302832297, 857.1879113529383, 641.5576429115534, 497.5605224332398, 400.09198344501897, 335.68079729349813, 281.6043677502878, 241.5846691722113, 208.36667692709983, 180.6347975445576, 158.16287315843482, 138.3525966047198, ]
[5023.686436721794, 2939.1785695078956, 1812.1902709743317, 1197.4022819011775, 842.7679277974682, 629.3245522628163, 492.3715946210739, 395.68999340711537, 331.946400290233, 278.43631861309706, 238.89707705533877, 207.2266768709637, 179.66768679030358, 157.34243174147463, 137.6565801880387, ]
100 GW/g, A7:
[6358.1660367548775, 3582.5192088086187, 2183.056432018531, 1405.022041474822, 962.8561924885053, 696.2061246316907, 542.2979456074929, 431.11698758450353, 357.552029234385, 299.8557491239179, 254.38045947742546, 220.17343936506504, 191.02100987099553, 166.545776376399, 145.86359606611563, ]
[6480.177751745909, 3634.2730978604286, 2205.0089547986054, 1423.645308593045, 970.7556507678092, 702.9075739596963, 545.1405090964082, 433.528456129103, 359.5977814677667, 301.5912486365322, 255.85275795671603, 220.7979464417387, 191.5508062003758, 166.9952252481794, 146.24488342150192, ]
[6236.1543217638455, 3530.765319756809, 2161.1039092384563, 1386.398774356599, 954.9567342092012, 689.5046753036851, 539.4553821185777, 428.70551903990406, 355.50627700100324, 298.12024961130356, 252.90816099813492, 219.54893228839137, 190.49121354161525, 166.0963275046186, 145.48230871072934, ]

==========================================
1000 GW/g, A1:
[15672.485750973785, 8460.298927378564, 4749.717968951576, 2702.639307502669, 1695.888072716195, 1120.4135628138815, 809.3525423534513, 603.3130632841337, 478.69302151109594, 387.36253513259896, 325.437702311425, 276.08260908333483, 236.50021975142857, 204.51486318873563, 178.43686133448034, ]
[15950.522379609174, 8578.234128860731, 4844.501697822007, 2742.843859184527, 1712.9416957937879, 1134.8808828502158, 815.4891665161987, 608.519024520526, 480.90124149756434, 389.2358628145944, 327.02692603405274, 277.4308149877027, 237.64396073894218, 205.48514983538752, 179.25999395980597, ]
[15394.449122338396, 8342.363725896399, 4654.934240081146, 2662.4347558208115, 1678.8344496386019, 1105.9462427775475, 803.2159181907041, 598.1071020477414, 476.4848015246275, 385.4892074506036, 323.8484785887973, 274.73440317896694, 235.35647876391494, 203.54457654208375, 177.61372870915469, ]
1000 GW/g, A3:
[30195.40009709022, 16065.536435084701, 8643.167786707156, 4822.3986842552085, 2804.5856918171944, 1758.3036381991772, 1172.3863738747418, 825.3104712490442, 619.7283964413665, 484.3217236771533, 390.20096777099104, 327.51731477176247, 277.8469240326119, 235.7090342852132, 204.2451114407204, ]
[30756.865147745226, 16372.315522789837, 8766.445932634831, 4926.980824395683, 2848.94644968425, 1777.1202050764573, 1188.3492745780286, 832.0814778499936, 625.4725319387633, 486.7582220075582, 392.26795347431, 329.27082805727457, 279.33450423266754, 236.9710100785308, 205.31570317220934, ]
[29633.935046435217, 15758.757347379567, 8519.889640779478, 4717.816544114734, 2760.2249339501386, 1739.487071321897, 1156.4234731714548, 818.539464648095, 613.9842609439697, 481.88522534674837, 388.13398206767204, 325.7638014862504, 276.35934383255625, 234.44705849189558, 203.17451970923148, ]
1000 GW/g, A5:
[45294.69733441828, 23538.73001352804, 12597.360706881813, 6784.255462690442, 3857.8107596242835, 2293.8229674975432, 1466.1255320700727, 1001.1101614431288, 729.7502761688254, 554.2911761786154, 441.55326728005184, 362.42521680861364, 304.0212097948647, 260.8321436653142, 223.75076393659907, ]
[45943.8076435586, 23893.39763466764, 12747.800589616418, 6905.162985787895, 3909.0962793238677, 2315.5768207193323, 1484.5802590471785, 1008.9381296907293, 736.3910774686428, 557.1080144539443, 443.9429121420605, 364.45245543588373, 305.74100293638185, 262.2911177442377, 224.98847559943215, ]
[44645.587025277964, 23184.06239238844, 12446.92082414721, 6663.347939592988, 3806.5252399246992, 2272.069114275754, 1447.670805092967, 993.2821931955283, 723.1094748690081, 551.4743379032864, 439.16362241804313, 360.3979781813436, 302.3014166533476, 259.37316958639076, 222.51305227376602, ]
1000 GW/g, A7:
[56737.89572437131, 30033.394969725552, 15944.739554800668, 8492.766182987867, 4788.617579802772, 2823.0165811112565, 1727.642961514231, 1148.3020349523085, 814.0854462636717, 613.4685839336402, 478.5411141164864, 392.64044193622084, 325.55684017766634, 276.18378309529004, 237.6890950500748, ]
[57449.07818618093, 30636.72159662845, 16274.3914063145, 8625.235672843832, 4844.807355836963, 2870.6847785409022, 1747.8624500104963, 1156.8785646739439, 821.3612844129995, 616.5547869830548, 481.15927218764045, 394.86153808796564, 327.4410919857686, 277.7822744443946, 238.36713050346646, ]
[56026.71326256168, 29430.068342822655, 15615.087703286834, 8360.296693131904, 4732.42780376858, 2775.3483836816104, 1707.4234730179655, 1139.725505230673, 806.809608114344, 610.3823808842255, 475.9229560453324, 390.41934578447604, 323.6725883695641, 274.5852917461855, 237.01105959668314, ]
